label	numOTUS	OTU0	OTU1	OTU2	OTU3	OTU4	OTU5	OTU6	OTU7	OTU8	OTU9	OTU10	OTU11	OTU12	OTU13	OTU14	OTU15	OTU16	OTU17	OTU18	OTU19	OTU20	OTU21	OTU22	OTU23	OTU24	OTU25	OTU26	OTU27	OTU28	OTU29	OTU30	OTU31	OTU32	OTU33	OTU34	OTU35	OTU36	OTU37	OTU38	OTU39	OTU40	OTU41	OTU42	OTU43	OTU44	OTU45	OTU46	OTU47	OTU48	OTU49	OTU50	OTU51	OTU52	OTU53	OTU54	OTU55	OTU56	OTU57	OTU58	OTU59	OTU60	OTU61	OTU62	OTU63	OTU64	OTU65	OTU66	OTU67	OTU68	OTU69	OTU70	OTU71	OTU72	OTU73	OTU74	OTU75	OTU76	OTU77	OTU78	OTU79	OTU80	OTU81	OTU82	OTU83	OTU84	OTU85	OTU86	OTU87	OTU88	OTU89	OTU90	OTU91	
0.194000	82	6	5	5	7	5	9	15	11	8	10	9	21	16	8	6	5	12	16	9	7	11	7	7	8	8	13	7	10	8	9	11	6	12	14	17	10	10	9	12	15	10	12	13	18	11	13	10	6	11	9	9	16	13	7	12	22	9	10	11	15	10	14	11	12	15	10	12	25	7	12	10	19	13	14	8	6	13	14	15	15	15	6	
0.191000	83	6	5	5	7	5	9	15	11	8	10	9	21	16	8	6	5	12	16	9	7	11	7	7	8	8	13	7	10	8	9	11	6	12	9	14	17	10	10	9	12	15	10	12	13	18	11	13	10	6	11	9	9	16	13	7	12	22	9	10	11	15	10	14	11	12	15	10	12	25	7	12	10	19	13	14	8	6	13	14	6	15	15	6	
0.179000	84	6	5	5	7	5	9	15	11	8	10	9	5	21	16	8	6	5	12	16	9	7	11	7	7	8	8	13	7	10	8	9	11	6	12	9	14	17	10	10	9	12	15	10	12	13	18	11	13	10	6	11	9	9	16	13	7	12	22	9	10	11	15	10	14	11	12	15	10	12	20	7	12	10	19	13	14	8	6	13	14	6	15	15	6	
0.178000	85	6	5	5	7	5	9	15	11	8	10	9	5	7	21	16	8	6	5	12	16	9	7	11	7	7	8	8	13	7	10	8	9	11	6	12	9	14	10	10	10	9	12	15	10	12	13	18	11	13	10	6	11	9	9	16	13	7	12	22	9	10	11	15	10	14	11	12	15	10	12	20	7	12	10	19	13	14	8	6	13	14	6	15	15	6	
0.164000	86	6	5	5	7	5	9	15	11	8	10	9	5	7	21	16	8	6	5	12	16	9	7	11	7	7	8	8	13	7	10	8	9	11	6	7	12	9	7	10	10	10	9	12	15	10	12	13	18	11	13	10	6	11	9	9	16	13	7	12	22	9	10	11	15	10	14	11	12	15	10	12	20	7	12	10	19	13	14	8	6	13	14	6	15	15	6	
0.161000	87	6	5	5	7	5	9	15	11	8	10	9	5	7	21	7	16	8	6	5	12	16	9	7	11	7	7	8	8	13	7	10	8	9	11	6	7	12	9	7	10	10	10	9	12	15	10	12	13	11	11	13	10	6	11	9	9	16	13	7	12	22	9	10	11	15	10	14	11	12	15	10	12	20	7	12	10	19	13	14	8	6	13	14	6	15	15	6	
0.112000	90	6	5	5	7	5	9	2	15	11	8	10	9	5	7	21	9	7	7	8	6	5	12	16	9	7	11	12	7	7	8	8	13	7	10	8	9	11	6	7	12	9	7	10	10	10	9	12	15	10	12	13	11	11	13	10	6	11	9	9	16	13	7	12	10	9	10	11	15	10	14	11	10	15	10	12	20	7	12	10	19	13	14	8	6	13	14	6	15	15	6	
0.137000	88	6	5	5	7	5	9	15	11	8	10	9	5	7	21	9	7	7	8	6	5	12	16	9	7	11	7	7	8	8	13	7	10	8	9	11	6	7	12	9	7	10	10	10	9	12	15	10	12	13	11	11	13	10	6	11	9	9	16	13	7	12	22	9	10	11	15	10	14	11	12	15	10	12	20	7	12	10	19	13	14	8	6	13	14	6	15	15	6	
0.129000	89	6	5	5	7	5	9	2	15	11	8	10	9	5	7	21	9	7	7	8	6	5	12	16	9	7	11	7	7	8	8	13	7	10	8	9	11	6	7	12	9	7	10	10	10	9	12	15	10	12	13	11	11	13	10	6	11	9	9	16	13	7	12	22	9	10	11	15	10	14	11	10	15	10	12	20	7	12	10	19	13	14	8	6	13	14	6	15	15	6	
0.096000	91	6	5	5	7	5	9	2	15	11	8	10	9	5	7	21	9	7	7	8	6	5	12	16	9	7	11	12	7	7	8	8	8	13	7	10	8	9	11	6	7	12	9	7	10	10	10	9	12	15	10	12	13	11	11	13	10	6	11	9	9	16	13	7	12	10	9	10	11	15	10	14	11	10	15	10	12	20	7	12	10	11	13	14	8	6	13	14	6	15	15	6	
unique	92	6	5	5	4	7	5	9	2	15	11	8	10	9	5	7	21	9	7	7	8	6	5	12	16	9	7	11	12	7	7	8	8	8	13	7	10	8	9	11	6	7	12	5	7	10	10	10	9	12	15	10	12	13	11	11	13	10	6	11	9	9	16	13	7	12	10	9	10	11	15	10	14	11	10	15	10	12	20	7	12	10	11	13	14	8	6	13	14	6	15	15	6	 
